ID: TP_Ejercicio_1b
Título: Ejercicio 1b - FM C₈H₁₀O - 300 MHZ ¹H NMR en CDCl₃
Fórmula: C₈H₁₀O

RDKit          2D

  9  9  0  0  0  0  0  0  0  0999 V2000
    2.5833   -1.2990    0.0000 C   0  0  0  0  0  0  0  0  0  0  0  0
    1.8333    0.0000    0.0000 C   0  0  0  0  0  0  0  0  0  0  0  0
    0.3333    0.0000    0.0000 C   0  0  0  0  0  0  0  0  0  0  0  0
   -0.4167   -1.2990    0.0000 C   0  0  0  0  0  0  0  0  0  0  0  0
   -1.9167   -1.2990    0.0000 C   0  0  0  0  0  0  0  0  0  0  0  0
   -2.6667    0.0000    0.0000 C   0  0  0  0  0  0  0  0  0  0  0  0
   -1.9167    1.2990    0.0000 C   0  0  0  0  0  0  0  0  0  0  0  0
   -0.4167    1.2990    0.0000 C   0  0  0  0  0  0  0  0  0  0  0  0
    2.5833    1.2990    0.0000 O   0  0  0  0  0  0  0  0  0  0  0  0
  1  2  1  0
  2  3  1  0
  3  4  2  0
  4  5  1  0
  5  6  2  0
  6  7  1  0
  7  8  2  0
  2  9  1  0
  8  3  1  0
M  END