ID: TP_Ejercicio_1d
Título: Ejercicio 1d - FM C₄H₁₀O - 300 MHZ ¹H NMR en CDCl₃
Fórmula: C₄H₁₀O

RDKit          2D

  5  4  0  0  0  0  0  0  0  0999 V2000
   -1.2990   -0.7500    0.0000 C   0  0  0  0  0  0  0  0  0  0  0  0
    0.0000   -0.0000    0.0000 C   0  0  0  0  0  0  0  0  0  0  0  0
    1.2990    0.7500    0.0000 C   0  0  0  0  0  0  0  0  0  0  0  0
    0.7500   -1.2990    0.0000 C   0  0  0  0  0  0  0  0  0  0  0  0
   -0.7500    1.2990    0.0000 O   0  0  0  0  0  0  0  0  0  0  0  0
  1  2  1  0
  2  3  1  0
  2  4  1  0
  2  5  1  0
M  END