ID: Comp_Ejercicio_1
Título: Ejercicio 1 - FM C₁₀H₁₅N - 300 MHZ ¹H NMR en CDCl₃
Fórmula: C₁₀H₁₅N

RDKit          2D

 11 11  0  0  0  0  0  0  0  0999 V2000
   -5.0351    0.8140    0.0000 C   0  0  0  0  0  0  0  0  0  0  0  0
   -3.9662   -0.2383    0.0000 C   0  0  0  0  0  0  0  0  0  0  0  0
   -2.5203    0.1612    0.0000 C   0  0  0  0  0  0  0  0  0  0  0  0
   -1.4514   -0.8912    0.0000 C   0  0  0  0  0  0  0  0  0  0  0  0
   -0.0056   -0.4916    0.0000 C   0  0  0  0  0  0  0  0  0  0  0  0
    0.3713    0.9602    0.0000 C   0  0  0  0  0  0  0  0  0  0  0  0
    1.8171    1.3598    0.0000 C   0  0  0  0  0  0  0  0  0  0  0  0
    2.8860    0.3074    0.0000 C   0  0  0  0  0  0  0  0  0  0  0  0
    2.5091   -1.1445    0.0000 C   0  0  0  0  0  0  0  0  0  0  0  0
    1.0633   -1.5440    0.0000 C   0  0  0  0  0  0  0  0  0  0  0  0
    4.3318    0.7069    0.0000 N   0  0  0  0  0  0  0  0  0  0  0  0
  1  2  1  0
  2  3  1  0
  3  4  1  0
  4  5  1  0
  5  6  1  0
  6  7  2  0
  7  8  1  0
  8  9  2  0
  9 10  1  0
  8 11  1  0
 10  5  2  0
M  END