ID: TP_Ejercicio_4
Título: Ejercicio 4 - FM C₆H₃Br₃ - 300 MHZ ¹H NMR en CDCl₃
Fórmula: C₆H₃Br₃

RDKit          2D

  9  9  0  0  0  0  0  0  0  0999 V2000
    1.2542   -1.3372    0.0000 C   0  0  0  0  0  0  0  0  0  0  0  0
   -0.2064   -1.6788    0.0000 C   0  0  0  0  0  0  0  0  0  0  0  0
   -1.2325   -0.5848    0.0000 C   0  0  0  0  0  0  0  0  0  0  0  0
   -0.7981    0.8510    0.0000 C   0  0  0  0  0  0  0  0  0  0  0  0
    0.6625    1.1926    0.0000 C   0  0  0  0  0  0  0  0  0  0  0  0
    1.6886    0.0985    0.0000 C   0  0  0  0  0  0  0  0  0  0  0  0
    3.1492    0.4401    0.0000 Br  0  0  0  0  0  0  0  0  0  0  0  0
   -1.8243    1.9450    0.0000 Br  0  0  0  0  0  0  0  0  0  0  0  0
   -2.6931   -0.9264    0.0000 Br  0  0  0  0  0  0  0  0  0  0  0  0
  1  2  2  0
  2  3  1  0
  3  4  2  0
  4  5  1  0
  5  6  2  0
  6  7  1  0
  4  8  1  0
  3  9  1  0
  6  1  1  0
M  END