ID: TP_Ejercicio_1a
Título: Ejercicio 1a - FM C₈H₁₀ - 300 MHZ ¹H NMR en CDCl₃
Fórmula: C₈H₁₀

RDKit          2D

  8  8  0  0  0  0  0  0  0  0999 V2000
   -3.0851    0.4695    0.0000 C   0  0  0  0  0  0  0  0  0  0  0  0
   -2.0677   -0.6327    0.0000 C   0  0  0  0  0  0  0  0  0  0  0  0
   -0.6045   -0.3028    0.0000 C   0  0  0  0  0  0  0  0  0  0  0  0
   -0.1586    1.1294    0.0000 C   0  0  0  0  0  0  0  0  0  0  0  0
    1.3047    1.4594    0.0000 C   0  0  0  0  0  0  0  0  0  0  0  0
    2.3221    0.3572    0.0000 C   0  0  0  0  0  0  0  0  0  0  0  0
    1.8762   -1.0750    0.0000 C   0  0  0  0  0  0  0  0  0  0  0  0
    0.4129   -1.4050    0.0000 C   0  0  0  0  0  0  0  0  0  0  0  0
  1  2  1  0
  2  3  1  0
  3  4  2  0
  4  5  1  0
  5  6  2  0
  6  7  1  0
  7  8  2  0
  8  3  1  0
M  END