ID: TP_Ejercicio_6
Título: Ejercicio 6 - FM C₈H₁₁N - 300 MHZ ¹H NMR en CDCl₃
Fórmula: C₈H₁₁N

RDKit          2D

  9  9  0  0  0  0  0  0  0  0999 V2000
   -3.4653    0.6606    0.0000 C   0  0  0  0  0  0  0  0  0  0  0  0
   -2.5353   -0.5163    0.0000 C   0  0  0  0  0  0  0  0  0  0  0  0
   -1.0511   -0.2995    0.0000 C   0  0  0  0  0  0  0  0  0  0  0  0
   -0.4968    1.0944    0.0000 C   0  0  0  0  0  0  0  0  0  0  0  0
    0.9874    1.3113    0.0000 C   0  0  0  0  0  0  0  0  0  0  0  0
    1.9174    0.1343    0.0000 C   0  0  0  0  0  0  0  0  0  0  0  0
    1.3631   -1.2595    0.0000 C   0  0  0  0  0  0  0  0  0  0  0  0
   -0.1211   -1.4764    0.0000 C   0  0  0  0  0  0  0  0  0  0  0  0
    3.4016    0.3512    0.0000 N   0  0  0  0  0  0  0  0  0  0  0  0
  1  2  1  0
  2  3  1  0
  3  4  1  0
  4  5  2  0
  5  6  1  0
  6  7  2  0
  7  8  1  0
  6  9  1  0
  8  3  2  0
M  END