ID: TP_Ejercicio_3
Título: Ejercicio 3 - FM C₃H₇NO - 300 MHZ ¹H NMR en CDCl₃
Fórmula: C₃H₇NO

RDKit          2D

  5  4  0  0  0  0  0  0  0  0999 V2000
   -2.0785    0.0000    0.0000 C   0  0  0  0  0  0  0  0  0  0  0  0
   -0.7794    0.7500    0.0000 C   0  0  0  0  0  0  0  0  0  0  0  0
    0.5196   -0.0000    0.0000 C   0  0  0  0  0  0  0  0  0  0  0  0
    0.5196   -1.5000    0.0000 O   0  0  0  0  0  0  0  0  0  0  0  0
    1.8187    0.7500    0.0000 N   0  0  0  0  0  0  0  0  0  0  0  0
  1  2  1  0
  2  3  1  0
  3  4  2  0
  3  5  1  0
M  END